101 -0.689794 0.84271 4.23877 3.04 0.107119 -0.156997
110 -1.62782 -0.352535 4.56536 3.0136 -0.141197 -2.97677
112 -0.785814 -0.026761 4.39905 -3.06809 0.231634 0.392893
123 -0.526917 -0.855182 4.32628 3.02751 -0.43415 -2.97391
143 0.840399 -1.61566 5.01909 3.01481 0.133352 -0.859314
146 0.409661 -0.626719 4.29112 -2.81384 -0.141494 1.98418
149 0.580895 0.470685 4.22543 -3.01351 -0.221667 2.58635
150 -0.67047 -0.778409 4.54041 -2.92908 -0.058605 1.46265
151 -1.64431 -1.76617 4.44526 2.97843 0.0257226 -3.06703
155 -2.51418 -2.30312 4.32837 -3.11404 0.271048 -1.67744
156 -0.688036 -2.18208 5.30775 -2.77943 -0.0756299 1.4486
157 -1.67454 0.034343 5.23318 3.0816 -0.0427628 -1.68491
158 -2.49447 -1.82596 4.43007 3.1193 -0.20247 1.51077
